39192417	8
37765135	11
38475834	8
38147763	7
38451493	8
38418593	6
39074909	7
38384473	7
39049691	9
37608830	7
39040078	8
38267362	7
38978706	11
37856544	7
38295815	6
37876565	6
37876623	22
37722879	10
38918415	6
38913623	7
38897086	8
37489798	7
38898799	6
38872828	10
38870844	13
38848900	7
38732558	6
38645174	7
37283937	6	2017-11-04T17:27:06+08:00
39238856	12	2017-11-04T17:27:16+08:00
39232516	9	2017-11-04T17:27:37+08:00
39170576	6	2017-11-04T17:31:21+08:00
39077932	6	2017-11-04T17:35:59+08:00
39028239	6	2017-11-04T17:37:46+08:00
38907501	9	2017-11-04T17:43:08+08:00
39098280	8	2017-11-05T15:30:13+08:00
39017656	6	2017-11-05T15:32:39+08:00
39151152	6	2017-11-07T16:27:59+08:00
39118531	6	2017-11-07T16:29:02+08:00
39099173	6	2017-11-07T16:29:31+08:00
