64789713407
64811142686
64855332183
66265190216
66268497675
66269535467
66283358414
66285747951
66294540135
66296326151
66298456397
69000164041
69000629730
69001949189
69002363911
69003054090
69005945344
69007896896
69012398563
69012563714
69013777962
69014858665
69014961670
69019537516
69019607691
69021073288
69021288749
69023301165
69024339812
69024485734
69027752299
69027963840
69028006559
69028324970
69029948095
69030061488
69030096209
69031190708
69031256711
69031429289
69031559244
69031725032
69034320444
69034793036
69035331875
69036096093
69036788722
69036806230
69040064871
69040566596
69043064981
69043257313
69043590892
69046177190
69046837962
69048433270
69049027339
69049207680
69050461367
69052120815
69052210569
69053787376
69053923743
69055286217
69056207648
69057315581
69057709919
69058293334
69059027494
69059220415
69059692292
69059759667
69060297379
69061162453
69061206413
69061805551
69062226153
69062537681
69062572674
69062864875
69063040988
69063469636
69064501553
69064984252
69065970696
69068728785
69069342384
69069770052
69070028261
69070403445
69079750671
69080001681
69080615521
69081364894
69081675921
69082735759
69083542431
69083667788
69085239534
69086106912
69087687211
69088972846
69090173262
69090332598
69090363671
69093514774
69094974668
69096548942
69099219296
69101979871
69102077762
69106157952
69109503274
69110756009
69116635007
69117407335
69122630247
69133443467
69146278693
69161877308
69162293459
69162437043
69162812278
69163465066
69163935358
69164263729
69164440829
69170753683
69171347606
69171441262
69172193213
69172372287
69173764791
69174200562
69181632783
69183306799
69183738405
69202116493
69212204394
69219021445
69222912453
69230950477
69234034436
69237250979
69250681122
69252034671
69253487232
69257807181
69261131567
69264658511
69357996427
69359102057
69362749996
69364393898
69365359367
69365767306
69365852937
69365879264
69366258601
69366692265
69366805420
69367793891
69369092965
69374514531
69376656140
69377039523
69377815718
69377856556
69378570990
69378940682
69378983585
69381413706
69382324868
66269969857
66270107371
66283492622
66290130339
66295785447
66296383693
66322424844
69000206059
69011997452
69012453797
69012647137
69014016512
69014033004
69014162056
69018977485
69020389826
69021654573
69022418021
69027769922
69028038597
69028104355
69028339023
69028456301
69030690380
69031318805
69034664838
69035939444
69036361628
69037472676
69038251727
69040071588
69040191188
69040256143
69040320480
69040415218
69040424724
69040637223
69040716078
69041245327
69041443274
69043999283
69044305918
69045981201
69048112254
69049659506
69052985852
69057697204
69058853842
69060088734
69061247941
69061900790
69062399589
69062972035
69063139783
69063244384
69063358113
69064462609
69064692692
69068044183
69069475313
69069629969
69079609737
69081923228
69082355628
69082846564
69088377512
69091725417
69093179583
69099074400
69100369342
69100398014
69100445215
69100600209
69103972548
69104090259
69104326751
69105961696
69107356482
69109251504
69110570132
69114859169
69117809584
69118758857
69119639136
69119646822
69119792170
69133465397
69142661964
69143008331
69143470856
69145196035
69145796495
69147575319
69148432556
69149984755
69151090472
69156189925
69156780865
69157059217
69158441028
69158610057
69158864129
69159163715
69160947859
69161708304
69162041680
69162168884
69162858930
69163487187
69164014185
69165369663
69166062684
69169749253
69170863006
69174231702
69174738281
69178900203
69179003213
69183222243
69203348780
69204344997
69211497057
69213839524
69217281920
69219932326
69230068175
69251506476
69251838766
69252006311
69262744582
69278305057
69328523597
69354487491
69354642401
69360738437
69363406944
69363913576
69363949997
69365929129
69365948358
69366404261
69367138435
69367187015
69367268327
69367412940
69367561740
69367636864
69367747394
69367797794
69369246787
69369261697
69373341355
69374146089
69374234080
69376185862
69377258725
69377314949
69377789220
69379630564
69382334511
64789610431
64815397972
64833095965
64833856726
64855519959
66268540747
66268719499
66269766244
66284887183
69002344039
69002627840
69004206656
69009037582
69009868470
69012392551
69012606317
69013942442
69014790346
69014808133
69014985289
69017306378
69017750724
69018819687
69020051618
69020283500
69020310562
69020873446
69021323757
69021566797
69021719271
69022597071
69022597890
69025920860
69025954973
69026020556
69030362719
69030536853
69031375670
69032647900
69032803594
69033868917
69034159018
69034591486
69035688148
69035973328
69037011765
69038499251
69038855222
69044441057
69044894895
69045312991
69045582883
69045660478
69045673029
69046429303
69046518518
69047365203
69047751477
69049059442
69049216872
69049935282
69050336110
69050602929
69051090927
69052650647
69054334833
69055810224
69056492465
69056532288
69057921600
69058629615
69058813687
69059098958
69059119503
69060449042
69061162453
69061242583
69061548241
69061586739
69062183281
69063446891
69063447262
69069313200
69070093716
69070111986
69070139636
69079112782
69082180296
69082188926
69083534641
69084893648
69086469093
69086629236
69089188535
69089256326
69090709191
69093050529
69095075170
69097547585
69099258511
69100497967
69101246155
69101581476
69102421827
69102430696
69106714817
69107177171
69107200054
69109734832
69111342631
69112390899
69121752203
69123379430
69144997512
69145025666
69148429025
69148524589
69148887470
69149013708
69151744451
69156234236
69159182794
69161960622
69162811297
69162859389
69163866864
69164108700
69164613089
69164653840
69164797277
69165112018
69165352279
69166492289
69167095735
69167291619
69167999799
69168711070
69169150579
69170122291
69170702864
69171381655
69172657265
69173233821
69173910294
69175568654
69178998408
69179898954
69181326702
69181864386
69183018659
69202116493
69206555532
69218805902
69221786507
69250704041
69251537000
69251588037
69260093705
69261539276
69264855080
69267256100
69283001062
69332723171
69359709476
69361330789
69361333568
69362076898
69363673550
69365113408
69365545288
69365585062
69365734701
69366181385
69366237476
69366929958
69367653353
69367719265
69367976361
69368933324
69369035118
69369040039
69369966056
69370271333
69373467590
69374670030
69376306504
69376653257
69377444929
69378168589
69379976522
69381062979
64788974079
65098057042
66268532036
66270340098
66270636833
66270892865
66271566209
66277587210
66282913646
66285047151
66285135017
66289374179
66294032423
66295399559
66297997741
66322849836
66323086604
69000112841
69002232267
69007219279
69011720897
69012611816
69012709802
69012756331
69013779430
69013873741
69014079597
69015007462
69019064867
69021030754
69021740142
69025500151
69027559720
69027879908
69031280908
69031457959
69031511530
69032067085
69032444757
69032771678
69034419359
69034601183
69034869502
69034912146
69035615121
69036700016
69038319915
69038540254
69039889183
69040226191
69040312032
69041342545
69042696254
69043035012
69044092461
69044653357
69050994695
69054368850
69054544466
69055076159
69055153117
69056139410
69056291590
69057063180
69058246817
69058318476
69059101391
69060358508
69061332796
69061691211
69062169647
69063981108
69064051479
69064509468
69065404572
69067330609
69069717461
69070126032
69070522527
69071079888
69076706598
69079010557
69079291807
69083546511
69083764279
69084365586
69091202471
69091805875
69091873414
69092953232
69094725964
69101148823
69101472445
69103224532
69108762434
69109831408
69113601795
69115682756
69115852772
69116749290
69117005646
69120698493
69137505637
69139217193
69140917928
69141401103
69143092423
69146629735
69148075366
69148580202
69151841510
69154076737
69155768169
69159134799
69161044906
69161059653
69161664849
69162046679
69163717180
69163831591
69164144831
69164379549
69164408518
69164615683
69164693677
69165831538
69165948095
69166000350
69166529092
69166534468
69167187859
69168435728
69168450302
69169758141
69169990142
69172140277
69172618300
69174372140
69176119082
69176466541
69178284393
69182754693
69200798274
69206301870
69213970666
69214797228
69218729090
69220982858
69221525442
69222568877
69228476160
69232333419
69251470441
69253956800
69310848296
69341716327
69354642437
69358617998
69362672140
69366209417
69367257667
69367403309
69367503150
69367688931
69367800966
69368289601
69368467275
69368783591
69374441316
69375313355
69376616833
69377676045
69378024204
69379438702
69379609509
69380187744
69380390212
69380824331
69381246145
69381699521
64786507071
64816822068
64829091517
66268688709
66269712129
66269748193
66269853473
66283271854
66290539299
66322073260
69000161194
69002992072
69012262765
69012420937
69016527628
69017195303
69018339845
69020331976
69021535746
69022891975
69024357545
69027670499
69028370542
69032330892
69033646976
69033774334
69033995380
69034199822
69034717228
69034813219
69036161489
69036501332
69037585983
69037686909
69040151372
69040203620
69041451126
69044393570
69044589262
69045123894
69046438908
69049321859
69050965992
69053263071
69053563308
69053579464
69054127760
69054325986
69054813719
69056154961
69056669643
69058582359
69059105063
69059176296
69061382557
69061749268
69061935620
69061951092
69063335200
69064182257
69066664237
69067977791
69068336832
69070135920
69071936737
69078067479
69080385502
69083762690
69085272714
69085367633
69086670048
69087208301
69089353430
69092791774
69093451884
69094954498
69095818158
69096860206
69096980034
69099479794
69106582378
69118019851
69121787400
69125057647
69125623303
69130175055
69132963453
69141237125
69145948904
69152467748
69155488012
69155570661
69161624435
69162069342
69164042236
69164608432
69165009066
69165205406
69165231152
69165487726
69165940273
69166534500
69170377991
69171176500
69173515922
69174481806
69178870920
69180641263
69181786337
69210505509
69211553223
69213443047
69213628064
69214478121
69214995815
69216980491
69220872677
69229739080
69250611299
69251061742
69251120871
69252961121
69335471530
69359311982
69363980109
69364040106
69365065032
69365137573
69365660803
69365837637
69365969986
69366047686
69366166952
69366181288
69366768014
69367002213
69367613412
69367711111
69367753160
69368209028
69368783392
69368808431
69368849248
69368978244
69369857452
69370540547
69371392139
69374522380
69377472608
69377503338
69379444551
69379503141
69379552393
69380340173
69380909987
69382736904
64854466677
65026639248
66284342446
66284591534
66293790502
66293839334
66294922727
68554802016
69001883906
69004984557
69009155439
69013818400
69014689698
69016620879
69020311435
69021143406
69021905217
69024398982
69025094159
69027261857
69027306629
69027322505
69028122144
69028506451
69028546673
69030184564
69030358610
69030630364
69031437737
69031925700
69032410878
69032760080
69033842581
69037828677
69038518163
69040191787
69040310059
69040953471
69042439439
69042491477
69046481031
69046509206
69049172938
69050524177
69050616521
69051017481
69051022178
69051594071
69053534703
69053678749
69054826526
69055953288
69056611519
69057962301
69058226945
69058742152
69061302053
69061356737
69061479217
69062142460
69062175878
69062200854
69062428573
69063015024
69063097911
69063188610
69064224310
69065800220
69067823697
69068513399
69080185789
69080654209
69082870932
69083492801
69085207690
69090102943
69090510678
69094953543
69096298670
69098253591
69098691646
69101177224
69101672335
69102014163
69103971850
69104835237
69105631836
69106524800
69106603358
69106643401
69107144265
69110058793
69111707651
69114867564
69115290309
69117790448
69118678947
69118691841
69119552905
69120394795
69122906099
69123395010
69140358129
69142764810
69144202478
69160314417
69161028753
69161762015
69161819114
69162901107
69163142631
69163150643
69163279973
69163412534
69163674528
69164290160
69164333238
69164406710
69165511278
69166306345
69168497714
69168887293
69170282830
69171514348
69173055955
69173526300
69173670290
69174057736
69174353934
69174744289
69178315747
69179990575
69197912713
69203626785
69208636750
69216673225
69219764431
69223190639
69251012928
69251030407
69251278858
69251764064
69264492008
69266322656
69310770275
69315410248
69322885349
69322898985
69360492480
69361185103
69361705889
69363049259
69364136906
69364456967
69364546511
69365928396
69366131655
69366154496
69366826664
69367764943
69367865003
69368027942
69368184812
69374740938
69375649888
69376520962
69376918023
69377118538
69378386917
69378709891
69378918351
69379063783
69380340173
69380952328
64837818076
64851346549
65087541969
65088646577
66263159560
66268612100
66269611169
66285825199
66289672419
66321283212
69002523372
69002725415
69004064866
69009261955
69012419398
69012425159
69013634850
69013666693
69014795780
69016378830
69017350305
69020013288
69020185614
69022075972
69025240680
69025502375
69025631974
69027345861
69028763390
69030306940
69030562111
69030799607
69031074770
69031446603
69032159525
69032715501
69032816595
69033637590
69034266659
69034669916
69037068789
69038095633
69039263094
69040370543
69040464604
69040580942
69040796276
69040958879
69041137456
69043158007
69044032791
69045801489
69046256438
69046266961
69046354748
69047501404
69053746226
69055224970
69055596222
69055847900
69056550434
69056680354
69056889983
69057029221
69057691540
69059613636
69061075271
69061093569
69061668669
69061704950
69061869632
69061974835
69062234703
69062455798
69062662578
69063596497
69064429687
69066066995
69079304626
69079536149
69080301181
69082075685
69082296869
69083984497
69084647775
69086186372
69089603080
69089656714
69089951435
69091916679
69092220010
69093553235
69100618870
69101595797
69104326751
69107029483
69115401606
69117814385
69118921935
69118986944
69125589935
69135689960
69140175779
69145523718
69145551949
69151385157
69152229063
69152944622
69157318443
69160796999
69161454892
69161498026
69161924316
69163314846
69163771155
69163809126
69163956662
69164023421
69164096053
69164438452
69164631568
69164791217
69165283184
69165286848
69165465905
69165537672
69165611242
69166525891
69168755249
69170503667
69171160604
69171266738
69172471221
69173662909
69173807086
69174709223
69183297163
69202767343
69216333097
69226190368
69226817282
69229587015
69230404398
69230490976
69238362401
69246811586
69248843624
69251135117
69251193952
69256150368
69256781705
69262723077
69266694255
69268593158
69277327393
69287602089
69362912525
69365954986
69367002886
69367200391
69367440995
69367468267
69369503147
69373746752
69376558178
69376786028
69376882950
69378499495
69378658570
69379675202
69379828320
69379885832
69380275053
69380283243
69380794668