39203113	13
39182335	7
39175823	6
38113813	10
39164694	6
36827415	15
39118479	6
39113203	6
39110001	6
37772595	6
39091292	14
39077037	6
39079817	6
38293139	6
39055343	7
39047265	6
39041035	6
37978219	7
36942793	6
38318784	9
39021109	21
39016994	11
38244970	7
39008171	7
38997875	6
38244970	7
38988297	6
38979791	6
38981683	10
38281117	10
38973683	46
38965123	6
38960145	6
38963771	11
37650573	12
38943332	13
38924532	6
38523311	11	2017-11-04T18:01:07+08:00
38263538	6	2017-11-04T18:03:16+08:00
39214878	12	2017-11-04T18:05:20+08:00
39204667	6	2017-11-04T18:06:16+08:00
39168940	6	2017-11-04T18:09:44+08:00
39145221	6	2017-11-04T18:11:14+08:00
37695237	6	2017-11-04T18:12:23+08:00
39128672	6	2017-11-04T18:13:10+08:00
39030713	6	2017-11-04T18:20:51+08:00
39024053	6	2017-11-04T18:21:24+08:00
38980319	6	2017-11-04T18:24:06+08:00
38918655	6	2017-11-04T18:30:08+08:00
38906109	6	2017-11-04T18:30:39+08:00
38907893	17	2017-11-04T18:30:45+08:00
38890905	6	2017-11-04T18:30:53+08:00
38876700	9	2017-11-04T18:31:12+08:00
38867474	6	2017-11-04T18:31:31+08:00
38857739	9	2017-11-04T18:31:39+08:00
38860357	6	2017-11-04T18:31:48+08:00
38850638	8	2017-11-04T18:31:56+08:00
38843676	7	2017-11-04T18:32:13+08:00
38836216	9	2017-11-04T18:32:30+08:00
38804050	7	2017-11-04T18:33:41+08:00
38796463	7	2017-11-04T18:34:06+08:00
38765316	6	2017-11-04T18:34:24+08:00
38761440	11	2017-11-04T18:34:43+08:00
38752219	8	2017-11-04T18:35:00+08:00
38754055	10	2017-11-04T18:35:02+08:00
38735006	6	2017-11-04T18:35:14+08:00
38702158	8	2017-11-04T18:35:58+08:00
38686953	8	2017-11-04T18:36:25+08:00
38697129	7	2017-11-04T18:36:39+08:00
38686953	8	2017-11-04T18:36:55+08:00
38656146	8	2017-11-04T18:37:11+08:00
38665593	6	2017-11-04T18:37:25+08:00
38652456	6	2017-11-04T18:37:37+08:00
38655211	6	2017-11-04T18:37:39+08:00
38655909	7	2017-11-04T18:37:40+08:00
39266819	6	2017-11-05T15:38:31+08:00
39254656	8	2017-11-05T15:39:59+08:00
39193540	6	2017-11-05T15:44:36+08:00
39144247	12	2017-11-05T15:47:56+08:00
39052631	6	2017-11-05T15:52:08+08:00
