38558397	12
36946304	7
39073983	8
39045791	6
39041725	6
37443287	6
39025324	7
38334111	8
38970744	7
38959977	7
37313304	6
38951930	6
38151587	6
37715910	9
37378675	14
38914319	6
38911394	11
38893522	6
38870983	13
38865405	8
38808190	8
38786991	6
38751913	6
38151587	6
39246586	6
37838106	9
38632527	6
38610653	16
39191616	12
39191889	12
39145219	6
39011190	6
38926375	8
38904078	8
39239298	12	2017-11-05T14:19:19+08:00
37170579	6	2017-11-05T14:27:37+08:00
39093162	7	2017-11-05T14:28:06+08:00
38822199	6	2017-11-05T14:38:14+08:00
39050638	6	2017-11-06T13:19:39+08:00
39077796	7	2017-11-07T16:12:18+08:00
